rads=[1.532945907,1.715507820,3.320052532,3.668355589,1.881064749,.1123210670];

cents=[-1.0722501403-1.2478714085i, 1.8107946794+.24895997157i, -3.0440615192+1.5858366855i, 2.1017538075-3.1426337538i,  0.0+1.9933858163i, 0.0000000000+0.0000000000i];

